380
459
302
251
207
180
241
359
695
4
358
155
314
372
22
665
29
255
675
162
554
65
339
173
204
602
421
633
672
1
408
199
490
139
368
112
343
426
76
341
399
429
519
644
152
177
95
680
352
284
683
406
147
366
350
156
33
119
3
194
463
642
604
622
27
674
146
138
211
612
279
650
259
86
360
89
654
61
603
116
436
91
133
540
616
614
684
623
530
46
470
539
509
520
384
318
427
691
117
198
240
460
367
362
272
330
113
44
551
471
548
640
528
511
510
369
486
619
535
655
310
641
136
400
502
41
261
236
447
704
611
356
651
243
532
385
239
97
379
135
607
523
626
620
610
8
170
100
230
290
32
668
475
464
673
267
75
468
87
226
286
661
271
193
127
353
652
374
382
477
103
526
606
503
37
312
605
676
168
455
513
106
208
688
79
326
682
345
656
456
639
370
692
413
282
273
416
228
454
179
248
323
450
109
289
617
407
296
677
687
338
132
437
130
488
355
73
129
703
333
349
430
185
184
630
628
264
557
36
38
317
489
658
209
78
13
472
507
305
327
699
93
531
376
124
506
278
292
20
102
397
466
690
686
14
659
348
552
514
249
253
669
546
461
601
313
175
67
615
332
402
142
448
670
245
627
5
525
636
280
467
122
485
210
527
256
481
501
479
452
482
154
307
344
153
71
215
258
257
667
19
645
457
125
558
542
521
83
111
469
648
504
35
663
700
671
373
107
30
600
68
126
664
555
291
556
26
649
94
458
608
167
536
214
262
134
80
354
98
524
174
444
412
121
698
171
401
190
82
52
398
7
534
638
377
701
508
451
150
6
92
632
128
105
446
537
418
315
12
21
378
662
390
309
388
547
11
434
462
403
64
47
277
391
440
164
206
679
275
693
635
187
476
66
182
23
28
553
666
351
643
242
269
625
169
517
431
618
266
274
474
694
529
515
549
59
157
114
386
696
500
371
88
533
17
195
2
389
81
478
110
149
342
634
545
518
435
189
516
505
609
445
544
321
653
141
631
203
144
465
285
394
629
254
99
163
660
219
512
186
438
158
550
364
624
439
637
192
260
541
483
10
123
101
522
697
316
538
543
18
